0 This is an inductance picture 
Q 0 -1e-005 9.95e-006 5e-008 -1e-005 9.95e-006 -5e-008 1e-005 9.95e-006 -5e-008 1e-005 9.95e-006 5e-008 
Q 0 -1e-005 1.005e-005 -5e-008 -1e-005 1.005e-005 5e-008 1e-005 1.005e-005 5e-008 1e-005 1.005e-005 -5e-008 
Q 0 -1e-005 9.95e-006 5e-008 -1e-005 1.005e-005 5e-008 1e-005 1.005e-005 5e-008 1e-005 9.95e-006 5e-008 
Q 0 -1e-005 9.95e-006 -5e-008 -1e-005 1.005e-005 -5e-008 1e-005 1.005e-005 -5e-008 1e-005 9.95e-006 -5e-008 
Q 1 9.95e-006 1e-005 5e-008 9.95e-006 1e-005 -5e-008 9.95e-006 -1e-005 -5e-008 9.95e-006 -1e-005 5e-008 
Q 1 1.005e-005 1e-005 -5e-008 1.005e-005 1e-005 5e-008 1.005e-005 -1e-005 5e-008 1.005e-005 -1e-005 -5e-008 
Q 1 9.95e-006 1e-005 5e-008 1.005e-005 1e-005 5e-008 1.005e-005 -1e-005 5e-008 9.95e-006 -1e-005 5e-008 
Q 1 9.95e-006 1e-005 -5e-008 1.005e-005 1e-005 -5e-008 1.005e-005 -1e-005 -5e-008 9.95e-006 -1e-005 -5e-008 
Q 2 1e-005 -9.95e-006 5e-008 1e-005 -9.95e-006 -5e-008 -1e-005 -9.95e-006 -5e-008 -1e-005 -9.95e-006 5e-008 
Q 2 1e-005 -1.005e-005 -5e-008 1e-005 -1.005e-005 5e-008 -1e-005 -1.005e-005 5e-008 -1e-005 -1.005e-005 -5e-008 
Q 2 1e-005 -9.95e-006 5e-008 1e-005 -1.005e-005 5e-008 -1e-005 -1.005e-005 5e-008 -1e-005 -9.95e-006 5e-008 
Q 2 1e-005 -9.95e-006 -5e-008 1e-005 -1.005e-005 -5e-008 -1e-005 -1.005e-005 -5e-008 -1e-005 -9.95e-006 -5e-008 
Q 3 -9.95e-006 -1e-005 5e-008 -9.95e-006 -1e-005 -5e-008 -9.95e-006 1e-005 -5e-008 -9.95e-006 1e-005 5e-008 
Q 3 -1.005e-005 -1e-005 -5e-008 -1.005e-005 -1e-005 5e-008 -1.005e-005 1e-005 5e-008 -1.005e-005 1e-005 -5e-008 
Q 3 -9.95e-006 -1e-005 5e-008 -1.005e-005 -1e-005 5e-008 -1.005e-005 1e-005 5e-008 -9.95e-006 1e-005 5e-008 
Q 3 -9.95e-006 -1e-005 -5e-008 -1.005e-005 -1e-005 -5e-008 -1.005e-005 1e-005 -5e-008 -9.95e-006 1e-005 -5e-008 
Q 4 0.00025 0.000155 5e-008 0.00025 0.000155 -5e-008 -0.00025 0.000155 -5e-008 -0.00025 0.000155 5e-008 
Q 4 0.00025 3.5e-005 -5e-008 0.00025 3.5e-005 5e-008 -0.00025 3.5e-005 5e-008 -0.00025 3.5e-005 -5e-008 
Q 4 0.00025 0.000155 5e-008 0.00025 3.5e-005 5e-008 -0.00025 3.5e-005 5e-008 -0.00025 0.000155 5e-008 
Q 4 0.00025 0.000155 -5e-008 0.00025 3.5e-005 -5e-008 -0.00025 3.5e-005 -5e-008 -0.00025 0.000155 -5e-008 
Q 5 0.00025 -3.5e-005 5e-008 0.00025 -3.5e-005 -5e-008 -0.00025 -3.5e-005 -5e-008 -0.00025 -3.5e-005 5e-008 
Q 5 0.00025 -0.000155 -5e-008 0.00025 -0.000155 5e-008 -0.00025 -0.000155 5e-008 -0.00025 -0.000155 -5e-008 
Q 5 0.00025 -3.5e-005 5e-008 0.00025 -0.000155 5e-008 -0.00025 -0.000155 5e-008 -0.00025 -3.5e-005 5e-008 
Q 5 0.00025 -3.5e-005 -5e-008 0.00025 -0.000155 -5e-008 -0.00025 -0.000155 -5e-008 -0.00025 -3.5e-005 -5e-008 
Q 6 3e-007 1e-005 5e-008 3e-007 1e-005 -5e-008 3e-007 9.5e-005 -5e-008 3e-007 9.5e-005 5e-008 
Q 6 -3e-007 1e-005 -5e-008 -3e-007 1e-005 5e-008 -3e-007 9.5e-005 5e-008 -3e-007 9.5e-005 -5e-008 
Q 6 3e-007 1e-005 5e-008 -3e-007 1e-005 5e-008 -3e-007 9.5e-005 5e-008 3e-007 9.5e-005 5e-008 
Q 6 3e-007 1e-005 -5e-008 -3e-007 1e-005 -5e-008 -3e-007 9.5e-005 -5e-008 3e-007 9.5e-005 -5e-008 
Q 7 -3e-007 -1e-005 5e-008 -3e-007 -1e-005 -5e-008 -3e-007 -9.5e-005 -5e-008 -3e-007 -9.5e-005 5e-008 
Q 7 3e-007 -1e-005 -5e-008 3e-007 -1e-005 5e-008 3e-007 -9.5e-005 5e-008 3e-007 -9.5e-005 -5e-008 
Q 7 -3e-007 -1e-005 5e-008 3e-007 -1e-005 5e-008 3e-007 -9.5e-005 5e-008 -3e-007 -9.5e-005 5e-008 
Q 7 -3e-007 -1e-005 -5e-008 3e-007 -1e-005 -5e-008 3e-007 -9.5e-005 -5e-008 -3e-007 -9.5e-005 -5e-008 
